l1
    1
    0 0 0
    1 0 0 0
    1 l2

    l2
        2
        0 2.5 0
        1 0 0 0
        2 l3 l6

        l3
            1
            0 2.5 0
            0.906172 0 0 -0.422554
            2 l4 l5

            l4
                0.7
                0 2.5 0
                0.965781 0 0 0.25878
                0

            l5
                0.7
                0 2.5 0
                0.965781 0 0 -0.25878
                0

        l6
            1
            0 2.5 0
            0.906171 0 0 0.422555
            2 l7 l8

            l7
                0.7
                0 2.5 0
                0.965781 0 0 0.25878
                0

            l8
                0.7
                0 2.5 0
                0.965781 0 0 -0.25878
                0

